2000
3000
1989 1827
1827 1989
1827 439
439 1827
439 1552
1552 439
1552 1269
1269 1552
6 1550
1550 6
1550 286
286 1550
286 238
238 286
238 856
856 238
856 1424
856 1305
1424 856
1424 1015
1424 1554
1015 1424
1015 1829
1829 1015
1829 131
131 1829
131 1863
1863 131
842 1758
1758 18
18 1802
1802 397
397 1201
1201 65
65 1612
1612 842
74 939
939 27
939 76
27 1386
27 454
1386 130
130 647
647 592
592 1348
1348 74
451 444
444 451
444 1718
1718 444
1718 1250
1250 1718
1250 36
36 1250
36 506
506 36
506 38
38 506
38 1885
38 1003
1885 38
1885 149
149 1885
149 176
176 149
176 202
202 176
202 194
44 462
462 45
45 164
164 728
728 1872
728 239
1872 1542
1542 44
158 1658
1658 141
141 641
141 717
641 1071
641 1511
1071 393
1071 407
393 1724
1724 158
859 58
859 1002
58 59
59 135
135 61
61 62
62 63
63 1837
1837 593
593 1792
1792 128
128 1209
1209 597
597 859
873 661
661 873
661 928
928 661
928 879
879 928
879 1167
1167 879
1167 75
75 1167
75 76
76 75
76 170
170 76
170 1375
1375 170
1375 844
844 1375
844 80
80 844
1236 1017
1017 1236
1017 171
171 1017
171 1651
1651 171
1651 85
85 1651
85 1681
1681 85
1681 565
1681 1766
565 1681
565 1753
1753 565
1002 1536
1536 1002
1536 1469
1469 1536
1469 1880
1880 1469
1880 93
93 1880
93 94
93 954
94 93
94 1775
1775 94
1775 1132
1132 1775
1132 1275
1275 1132
1275 1179
1179 1275
259 187
187 259
187 1169
187 1437
1169 187
1169 1196
1196 1169
1196 103
103 1196
103 104
104 103
104 105
105 104
105 1493
105 276
1493 105
1493 381
381 1493
381 108
108 381
108 618
618 108
1835 763
763 1835
763 112
112 763
112 113
113 112
113 452
113 1849
452 113
452 1260
1260 452
1260 1765
1260 852
1765 1260
1765 558
558 1765
558 975
558 1204
975 558
975 1231
1231 975
1231 294
294 1231
294 836
294 1822
1762 866
1762 1349
866 1932
1932 1302
1302 951
951 1512
1512 1951
1951 1762
1951 312
1129 278
278 1523
1523 1756
1756 1490
1756 1265
1490 276
1490 525
276 1486
1486 1437
1486 1649
1437 1968
1968 665
665 1129
1796 1999
1999 1796
1999 1704
1704 1999
1704 354
354 1704
354 142
142 354
142 1484
142 239
1484 142
1484 1346
1346 1484
1346 1339
1339 1346
1339 1991
1991 1339
1991 147
147 1991
147 148
148 147
148 816
816 148
674 1249
1249 674
1249 1737
1737 1249
1737 990
990 1737
990 154
154 990
154 155
154 283
155 154
155 638
638 155
638 157
157 638
157 687
687 157
687 1063
687 772
1063 687
1063 630
526 1937
1937 742
742 1440
1440 437
437 205
205 1356
1356 526
239 1430
1430 239
1430 1553
1553 1430
1553 77
1553 1982
77 1553
77 1058
1058 77
1058 1940
1940 1058
1940 645
1940 1419
645 1940
645 1545
1610 956
956 650
956 549
650 719
719 786
786 82
82 736
736 1610
628 182
628 97
182 628
182 1907
1907 182
1907 1022
1907 1556
1907 1279
1022 1907
1022 185
185 1022
185 115
115 185
115 1848
1848 115
1848 385
1848 948
385 1848
292 585
585 292
585 35
35 585
35 556
556 35
556 921
921 556
921 776
776 921
776 1333
1333 776
1333 1331
1333 1884
1331 1333
1331 197
1331 1098
197 1331
197 271
271 197
271 1556
1556 271
1556 1515
1515 1556
1515 1918
1515 262
1918 1515
1918 878
1714 703
703 1714
703 73
703 288
703 1354
73 703
73 1239
73 595
1239 73
1239 206
1239 811
206 1239
206 207
207 206
207 730
730 207
730 1406
1406 730
1406 234
234 1406
234 367
367 234
145 272
145 20
272 145
272 431
272 622
431 272
431 1981
1981 431
1981 23
23 1981
23 1945
1945 23
1945 1925
1925 1945
1925 219
219 1925
219 60
219 1397
60 219
60 1232
60 725
1232 60
1474 223
223 825
825 709
709 1741
1741 649
649 1797
1797 1474
461 410
410 231
410 648
231 1251
1251 1338
1338 604
604 547
547 611
547 1841
611 917
917 1012
1012 1815
1815 9
1815 854
9 1463
1463 1682
1682 925
925 120
120 461
120 107
120 485
209 1286
209 1238
1286 756
1286 1591
756 1679
1679 1175
1175 1942
1942 669
669 1958
1958 50
50 209
1392 255
255 1392
255 256
256 255
256 1890
1890 256
1890 258
258 1890
258 521
521 258
521 1887
1887 521
291 1056
1056 344
344 264
264 523
523 291
840 694
840 702
694 1255
1255 269
1255 1388
269 356
356 121
121 1529
1529 1680
1680 274
274 275
275 1070
1070 174
174 964
964 279
964 1993
279 31
31 281
281 840
281 333
362 1173
362 635
1173 1186
1186 668
1186 1879
668 1397
668 1505
1397 1224
1224 1694
1224 471
1694 906
906 1525
906 486
1525 572
572 1089
1089 1847
1089 1971
1847 362
1847 57
1930 1759
1930 1133
1930 874
1759 1930
1759 475
475 1759
475 754
754 475
754 910
754 8
910 754
910 299
910 789
299 910
299 5
5 299
5 301
5 685
301 5
301 302
302 301
302 1229
1229 302
1229 1539
1539 1229
1539 1413
1539 551
1955 306
306 1955
306 746
746 306
746 495
746 1569
495 746
495 1526
1526 495
1526 751
1526 1189
751 1526
751 1721
116 1683
1683 525
1683 1349
525 314
314 745
314 1749
745 316
316 116
316 37
945 761
945 897
945 395
761 945
761 1923
761 119
1923 761
1923 320
1923 1106
320 1923
320 1867
1867 320
1867 788
788 1867
788 217
217 788
217 225
225 217
225 179
179 225
179 1569
1569 179
706 328
328 706
328 329
329 328
329 330
330 329
330 1851
1851 330
1851 1626
1626 1851
1626 1664
1626 1069
1626 413
1664 1626
1664 1960
1960 1664
1960 79
79 1960
79 336
336 79
336 1814
1814 336
338 660
660 340
660 785
660 726
340 1288
1288 1361
1361 343
343 211
211 3
3 334
334 702
702 348
702 1199
348 338
1118 376
376 1118
376 811
811 376
811 527
527 811
527 353
353 527
353 1563
1563 353
1563 1734
1734 1563
1734 1846
1846 1734
1846 1316
1316 1846
1316 1914
1914 1316
1914 349
349 1914
360 1343
1343 360
1343 1611
1343 954
1611 1343
1611 363
1611 1059
363 1611
363 253
253 363
253 1735
1735 253
1735 366
366 1735
366 11
366 1080
11 366
11 1865
1865 11
1865 163
163 1865
799 371
371 372
372 1614
1614 374
374 331
331 192
192 339
339 931
931 799
379 173
379 254
173 379
173 655
655 173
655 382
382 655
382 383
382 181
383 382
383 450
383 1368
450 383
450 1939
1939 450
1939 308
308 1939
308 1235
1235 308
1235 539
539 1235
539 235
539 1364
539 1162
235 539
235 390
390 235
390 466
466 390
466 580
466 430
580 466
416 570
570 416
570 540
540 570
540 1535
1535 540
1535 1497
1497 1535
1497 1334
1334 1497
1334 37
37 1334
37 359
359 37
359 670
359 1077
670 359
670 1893
1893 670
1893 297
297 1893
297 1157
1263 977
977 1263
977 190
190 977
190 407
407 190
407 1439
1439 407
1439 409
1439 30
409 1439
409 1995
1995 409
1995 1780
1780 1995
1780 412
412 1780
412 1800
412 1306
1800 412
1800 757
757 1800
757 978
978 757
978 697
978 350
978 1795
697 978
1401 1185
1185 419
419 263
263 421
421 971
971 1688
1688 1401
1115 425
425 1115
425 426
426 425
426 1739
1739 426
1739 1770
1770 1739
1770 1561
1561 1770
1561 1673
1673 1561
1522 1285
1522 1768
1285 433
1285 1466
433 522
522 599
599 1485
1485 701
701 1522
1899 1176
1899 1190
1176 1899
1176 440
440 1176
440 474
474 440
474 442
474 1380
442 474
442 1799
1799 442
1799 287
287 1799
287 889
889 287
889 1900
1900 889
447 867
867 1390
1390 554
554 1674
554 1977
1674 289
1674 1983
289 1018
1018 1949
1949 447
455 1896
1896 1019
1896 509
1019 458
1019 1466
458 1215
1215 1952
1952 229
1952 927
229 81
229 71
81 1983
1983 802
802 1628
1628 1510
1510 1059
1059 455
1364 1592
1592 1364
1592 1933
1933 1592
1933 428
428 1933
428 472
472 428
472 973
472 230
472 1745
973 472
973 1193
1193 973
1193 1415
1415 1193
1415 1660
1660 1415
1660 1318
1318 1660
1318 267
267 1318
267 895
895 267
895 480
480 895
1513 716
716 982
982 484
484 485
485 236
236 568
236 1854
568 1443
1443 1513
304 240
240 304
240 358
240 1223
358 240
358 514
514 358
514 1602
514 1418
1602 514
1602 864
864 1602
864 1727
1727 864
1727 1667
1667 1727
1667 497
497 1667
1230 914
914 1852
1852 1743
1743 53
53 1341
1341 1
1 1230
727 1009
1009 1671
1671 545
545 509
509 245
245 478
478 1120
1120 1833
1833 885
885 738
738 727
891 96
96 891
96 1065
1065 96
1065 241
1065 1716
241 1065
241 1910
1910 241
1910 566
566 1910
566 280
280 566
280 213
280 443
213 280
213 1577
1577 213
1971 377
377 1971
377 1567
1567 377
1567 935
1567 1264
935 1567
935 648
648 935
648 579
648 198
579 648
579 471
471 579
471 1662
1662 471
1662 533
533 1662
533 1061
1061 533
1061 688
288 1051
1051 449
449 161
161 1934
1934 807
807 541
541 1305
1305 543
1305 1435
543 1262
1262 1098
1098 1112
1112 770
770 288
1163 1153
1153 1163
1153 1264
1264 1153
1264 1149
1149 1264
1149 1190
1190 1149
1190 1594
1190 954
1594 1190
1475 555
555 8
8 1747
1747 819
819 1290
1290 560
560 1705
560 1638
1705 562
562 563
563 1475
1253 87
87 434
434 1913
1913 446
446 1478
1478 427
427 1986
1986 1253
32 633
633 32
633 959
633 679
959 633
959 1460
1460 959
1460 576
576 1460
576 1979
1979 576
1687 854
854 896
896 1076
1076 607
607 1410
1410 1282
1282 351
1282 473
351 298
298 56
56 1384
56 109
56 1465
1384 501
501 626
501 1066
626 887
887 13
13 1687
1773 1291
1291 595
595 201
201 862
862 57
57 1732
1732 1773
1732 1105
830 615
615 830
615 1222
1222 615
1222 918
918 1222
918 443
918 1079
443 918
443 1202
1202 443
1202 1554
1554 1202
1554 582
1554 127
582 1554
582 1078
1078 582
1078 1788
1788 1078
1788 1928
1928 1788
1928 1997
1997 1928
1997 1693
1693 1997
1693 1142
1693 1097
1142 1693
300 606
606 1906
1906 617
617 1110
617 1599
1110 1278
1110 1616
1278 897
897 1861
1861 1234
1234 623
1234 1661
623 1020
1020 1722
1722 1575
1575 300
1069 1090
1069 189
1090 1069
1090 550
1090 682
550 1090
550 808
550 1330
808 550
808 631
631 808
631 220
220 631
220 1342
1342 220
1342 1912
1912 1342
1699 1935
1699 884
1935 97
97 498
498 639
498 486
639 1123
1123 820
820 244
244 1605
1605 1909
1909 679
679 677
679 653
679 675
677 552
552 1699
1503 884
884 1503
884 1418
1418 884
1418 651
651 1418
651 168
168 651
168 773
773 168
773 518
518 773
518 490
518 370
490 518
490 1641
490 758
1641 490
1031 1781
1781 1031
1781 1245
1781 1211
1245 1781
1245 1194
1194 1245
1194 667
667 1194
667 662
662 667
662 663
663 662
663 718
718 663
718 1716
1716 718
1716 764
764 1716
764 1836
1836 764
196 713
713 196
713 850
850 713
850 1309
1309 850
1309 672
672 1309
672 673
673 672
673 1570
673 1601
1570 673
1570 1274
1570 813
1274 1570
1274 613
613 1274
613 1301
1301 613
1301 1917
1917 1301
743 680
680 743
680 681
681 680
681 926
926 681
926 720
720 926
720 1731
1731 720
1731 1377
1377 1731
1377 686
686 1377
686 1254
686 487
1254 686
688 195
195 1878
195 1072
1878 1843
1878 1883
1843 692
692 1808
1808 548
548 531
531 696
696 688
696 625
696 722
1128 698
698 1256
1256 766
766 1791
1791 1892
1892 587
1892 19
587 324
324 573
573 247
247 1587
247 785
1587 126
126 477
477 1417
1417 1128
1459 1241
1241 1648
1648 1547
1547 571
571 160
160 717
717 535
535 1233
1233 683
683 177
177 1953
1953 723
723 12
12 1133
12 1105
1133 553
553 1459
21 47
47 559
559 1380
1380 731
731 915
915 804
804 16
16 671
671 724
724 737
737 1691
1691 739
739 1315
1315 1812
1812 21
1812 1203
162 1355
1355 162
1355 549
549 1355
549 1244
1244 549
1244 282
282 1244
282 1608
1608 282
1608 510
510 1608
510 1166
1166 510
1166 1395
1395 1166
1395 1768
1768 1395
48 1144
1144 1214
1214 1045
1045 438
438 1850
1850 124
124 1560
1560 1146
1146 1358
1358 48
1858 1589
1589 1858
1589 1972
1972 1589
1972 577
1972 430
577 1972
577 1519
1519 577
1519 479
1519 415
479 1519
479 768
768 479
768 747
747 768
747 1413
747 1481
1413 747
1413 454
454 1413
1678 627
627 1159
1159 557
557 333
333 777
777 778
778 1678
250 907
907 250
907 1468
907 1504
907 1530
1468 907
1468 782
1468 1904
782 1468
782 1252
1252 782
1252 1037
1037 1252
1580 178
1580 1084
178 1675
1675 181
1675 1388
181 1140
1140 828
1140 1855
828 15
15 792
15 216
792 1854
1854 794
794 795
795 796
796 1580
796 800
1853 798
798 1500
798 1573
1500 800
800 852
852 878
852 1040
878 861
861 1326
1326 1427
1427 806
806 144
144 1072
1072 1853
1777 1030
1030 1203
1203 429
429 467
467 1782
1782 1300
1300 900
1300 1818
900 933
933 1856
1856 1777
818 1726
818 1712
1726 818
1726 1408
1408 1726
1408 1441
1408 1647
1441 1408
1441 261
261 1441
261 98
98 261
98 1754
1754 98
1754 574
1754 981
574 1754
574 345
345 574
1103 49
49 734
734 769
734 1369
769 1541
1541 1548
1548 1717
1717 486
486 608
608 1103
1545 899
899 1545
899 600
600 899
600 1810
1810 600
1810 1596
1596 1810
1596 1157
1157 1596
1157 319
319 1157
319 821
319 817
821 319
821 1888
1888 821
1888 1676
1676 1888
1733 496
496 1868
1868 1398
1398 89
89 499
499 1565
499 1014
1565 530
530 855
855 1733
1883 221
221 1883
221 1905
1905 221
1905 605
605 1905
605 1603
1603 605
1603 327
1603 722
327 1603
327 1261
1261 327
1261 1480
1480 1261
1480 153
153 1480
153 865
865 153
865 1099
1099 865
1099 1581
1099 1242
1581 1099
1581 1228
1228 1581
1228 1008
1461 868
868 1476
1476 1066
1476 1200
1066 771
771 1584
1584 42
42 876
876 877
877 266
266 476
476 880
880 1327
1327 1729
1729 1461
1729 708
1470 1121
1121 347
347 350
350 1312
1312 1367
1367 1165
1165 805
805 1470
1921 169
169 1921
169 893
893 169
893 84
84 893
84 1642
1642 84
1642 311
1642 1044
311 1642
311 1400
1400 311
1400 953
953 1400
953 620
620 953
620 1447
1447 620
1447 901
901 1447
992 961
961 408
408 905
905 860
860 652
652 908
908 700
700 136
700 242
136 992
418 912
912 1001
1001 435
435 1514
1514 1555
1555 237
237 1079
1079 418
1079 189
919 175
175 919
175 1876
1876 175
1876 1483
1483 1876
1483 69
69 1483
69 1472
1472 69
317 841
841 317
841 894
894 841
894 346
346 894
346 929
929 346
929 930
930 929
930 1383
1383 930
1383 932
932 1383
932 1033
932 341
1033 932
1033 934
1033 1551
934 1033
934 204
204 934
204 936
936 204
936 1728
1728 936
1728 938
938 1728
1966 1385
1385 941
941 137
137 1582
1582 420
420 1966
1537 448
448 1537
448 29
29 448
29 352
352 29
352 1495
352 71
1495 352
1495 1371
1371 1495
1371 824
824 1371
824 991
824 1450
991 824
991 699
699 991
699 954
954 699
954 322
322 954
322 1491
1491 322
1491 957
957 1491
957 784
784 957
784 1568
1568 784
1568 1473
1473 1568
1473 948
948 1473
1226 689
689 1226
689 233
233 689
233 1823
1823 233
1823 603
603 1823
603 967
603 542
967 603
967 993
993 967
993 659
659 993
659 1579
1579 659
1579 1638
1638 1579
729 1353
729 1533
1353 729
1353 974
974 1353
974 575
575 974
575 976
976 575
976 517
517 976
517 1404
1404 517
1404 189
189 1404
1745 1423
1423 1177
1177 983
983 406
406 1684
1684 614
1684 411
614 749
749 1431
1431 1745
1431 1961
989 107
107 826
826 1860
1860 30
30 947
947 83
83 1350
83 1947
1350 64
64 989
632 999
999 1000
999 387
1000 1527
1527 208
208 715
715 1420
1420 290
290 654
654 491
491 1746
1746 632
1672 1010
1010 1915
1915 1742
1742 482
482 1373
1373 252
252 1029
1029 1444
1444 90
90 1672
100 809
809 100
809 1354
1354 809
1354 342
342 1354
342 1011
1011 342
1011 122
122 1011
122 1106
1106 122
1106 1026
1026 1106
1026 1027
1026 1994
1027 1026
1027 1028
1028 1027
1028 373
373 1028
373 143
143 373
143 881
881 143
881 1335
1335 881
1335 741
741 1335
741 1034
1034 741
1035 1036
1036 1035
1036 430
430 1036
430 779
779 430
779 1755
1755 779
1755 1891
1891 1755
1891 1041
1041 1891
1041 524
1041 1721
524 1041
524 1227
1227 524
1227 1044
1044 1227
1044 1270
1270 1044
1270 1053
1053 1270
1053 837
837 1053
837 1656
624 325
325 812
812 1992
1992 1052
1052 1453
1453 1414
1414 1055
1055 624
1703 1405
1405 404
404 1574
1574 1060
1574 424
1060 1631
1631 1062
1062 1438
1062 1834
1438 1425
1425 151
151 395
395 1277
1277 1213
1213 625
1213 1004
625 133
133 1703
133 958
133 511
1898 542
542 1898
542 596
596 542
596 1074
1074 596
1074 1075
1075 1074
1075 829
829 1075
829 1077
829 1784
1077 829
1077 1073
1073 1077
424 1873
1873 424
1873 463
463 1873
463 1267
1267 463
1267 1181
1181 1267
1181 1174
1174 1181
1174 368
368 1174
368 465
465 368
465 657
657 465
657 1088
1088 657
1088 515
515 1088
515 722
722 515
1091 1831
1831 1093
1093 1094
1094 1105
1105 464
464 1107
464 1786
1107 1304
1304 997
997 1091
1551 1809
1809 966
966 1324
966 1844
1324 487
487 1532
1532 1457
1457 890
890 1411
1411 262
262 1389
1389 1329
1329 528
528 1551
284 1994
1994 586
586 1598
586 1961
1598 1779
1779 1206
1206 1119
1119 1492
1492 140
1492 1635
140 591
591 284
591 1785
685 1124
1124 685
1124 972
972 1124
972 1126
1126 972
1126 920
920 1126
920 958
958 920
958 19
19 958
19 54
54 19
54 1744
1744 54
1794 417
417 1794
417 1540
1540 417
1540 228
228 1540
228 1136
1136 228
1136 1137
1136 529
1137 1136
1137 1352
1352 1137
1352 1139
1139 1352
813 602
602 813
602 1524
1524 602
1524 1499
1499 1524
1499 814
1499 1160
814 1499
814 1965
1965 814
1965 111
111 1965
111 1950
1950 111
1950 1189
1189 1950
1189 564
564 1189
564 1433
1433 564
357 1306
1306 357
1306 937
1306 109
937 1306
937 1292
1292 937
1292 355
355 1292
355 375
375 355
375 1113
1113 375
1113 22
22 1113
22 1904
1904 22
1904 46
46 1904
1127 1097
1097 847
847 1871
1871 594
594 1730
1730 760
760 1134
1134 1127
1832 1170
1170 1832
1170 1171
1171 1170
1171 1172
1172 1171
1172 283
283 1172
283 1881
1881 283
1881 249
249 1881
249 114
114 249
114 1378
1378 114
1378 1645
1645 1378
1645 432
432 1645
1895 839
839 949
949 39
39 1184
1184 911
911 927
927 1845
1845 1690
1690 529
529 693
693 123
123 1895
152 1452
1452 152
1452 1877
1877 1452
1877 414
414 1877
414 1897
1897 414
1897 1197
1197 1897
1197 1198
1198 1197
1198 822
822 1198
822 72
72 822
72 1064
1064 72
1221 1048
1048 1221
1048 1204
1204 1048
1204 1205
1205 1204
1205 1466
1466 1205
1466 1436
1436 1466
1436 246
246 1436
246 853
246 823
853 246
853 1576
1576 853
1576 1237
1237 1576
1237 1578
1578 1237
315 785
785 996
996 1101
1101 415
415 1218
1218 612
612 762
762 41
762 1314
41 315
1517 398
398 1517
398 1200
1200 398
1200 1225
1225 1200
1225 1039
1039 1225
1039 994
994 1039
994 405
405 994
405 392
392 405
392 323
323 392
323 119
119 323
119 1516
1516 119
1516 1644
1644 1516
1644 1487
1644 640
1487 1644
1487 310
310 1487
310 1677
1677 310
1677 186
186 1677
296 532
532 296
532 1419
1419 532
1419 712
712 1419
712 955
955 712
955 1697
955 1289
1697 955
1697 411
411 1697
411 1336
1336 411
1336 909
909 1336
1725 1317
1725 391
1317 1725
1317 1117
1317 26
1117 1317
1117 705
705 1117
705 68
68 705
68 1082
1082 68
1082 370
370 1082
735 1585
1585 707
707 1889
1889 1258
1258 551
551 1038
1038 735
1276 544
1276 1615
544 1276
544 1191
1191 544
1191 520
520 1191
520 1265
1265 520
1265 1866
1866 1265
1549 1216
1216 1870
1870 846
846 180
180 1787
1787 1434
1434 546
546 1006
1006 1695
1695 803
803 1657
1657 1279
1279 1280
1280 1549
1632 17
17 1632
17 1283
1283 17
1283 1879
1879 1283
1879 198
198 1879
198 793
793 198
793 1130
1130 793
1130 538
538 1130
538 33
33 538
1654 691
691 1654
691 1751
691 1435
1751 691
203 836
836 1295
1295 1943
1943 1297
1297 337
337 1299
337 1372
1299 1450
1450 203
1710 1862
1862 1710
1862 1711
1711 1862
1711 1963
1963 1711
1963 365
365 1963
365 589
589 365
589 1307
1307 589
1307 194
194 1307
106 963
963 106
963 1944
1944 963
1944 1640
1640 1944
1640 1313
1313 1640
1313 470
470 1313
470 943
943 470
943 1803
1803 943
1803 1084
1084 1803
1084 695
695 1084
695 1973
1973 695
1973 391
391 1973
1023 26
26 1323
1323 146
146 1908
1908 51
51 159
51 1533
159 1328
1328 459
459 995
995 1023
380 1332
1332 924
1332 1021
924 188
188 1032
1032 505
505 184
184 423
423 380
869 584
584 70
70 1811
1811 1838
1838 1344
1344 863
1344 616
863 998
998 222
222 1700
1700 1349
1349 1407
1407 1557
1407 1713
1557 1627
1627 869
833 801
801 1187
1187 704
1187 1158
704 1357
1357 1518
1518 1399
1399 1458
1458 1807
1807 1857
1857 833
1771 1601
1601 1771
1601 1365
1365 1601
1365 214
214 1365
214 1271
1271 214
1271 1368
1368 1271
1368 750
750 1368
750 1538
1538 750
1538 791
791 1538
791 1372
1372 791
1372 1387
1387 1372
25 1643
1643 1376
1376 40
40 916
916 827
827 1207
1207 1511
1511 513
513 25
1156 588
588 251
251 845
845 886
886 1564
1564 940
940 744
744 1496
1496 1528
1528 1393
1393 1394
1394 726
726 1156
1347 1990
1990 1347
1990 1454
1454 1990
1454 67
67 1454
67 1948
1948 67
1948 979
979 1948
979 783
783 979
783 1403
1403 783
1403 1337
1403 88
1337 1403
1337 1294
1337 1268
1294 1337
1294 1941
1294 1049
1941 1294
127 1652
1652 277
277 1247
1247 1108
1247 512
1108 1607
1607 28
28 1054
1054 127
1054 1849
1308 1416
1416 1369
1369 1345
1345 1240
1240 609
609 166
166 1008
1008 295
295 1962
1962 400
400 1308
1426 1824
1824 1593
1593 664
664 52
52 318
318 183
183 369
369 1426
1273 1246
1246 1273
1246 1482
1482 1246
1482 55
55 1482
55 838
55 1422
55 748
838 55
838 871
871 838
871 445
871 305
445 871
445 1509
1509 445
1509 630
630 1509
630 1646
1646 630
1646 835
210 1445
1445 210
1445 218
218 1445
218 441
441 218
441 1448
1448 441
1448 848
848 1448
848 870
870 848
870 675
675 870
675 387
387 675
1046 95
95 1455
1455 1826
1826 1340
1340 753
753 1016
1016 1298
1298 1967
1967 1046
944 200
200 1464
1464 1293
1293 1702
1702 215
215 1296
1296 721
721 883
883 1451
1451 1720
1720 436
436 610
610 944
610 1412
710 230
230 1160
1160 1655
1655 823
823 676
676 1481
1481 1698
1698 1155
1155 1821
1821 710
1432 898
898 1148
1148 1488
1488 1498
1498 507
507 622
622 1432
980 341
341 980
341 1874
1874 341
1874 946
946 1874
946 305
305 946
305 273
273 305
273 1629
1629 273
1629 117
117 1629
117 1049
1049 117
536 1502
1502 536
1502 1050
1050 1502
1050 1713
1713 1050
1713 1505
1505 1713
1505 775
775 1505
775 191
191 775
191 1219
1219 191
1219 91
91 1219
91 903
903 91
903 1609
1609 903
101 394
394 1428
1428 832
832 1947
1947 66
66 102
102 984
984 519
519 1210
1210 101
1692 1374
1374 1616
1616 1161
1161 309
309 1379
1379 2
2 14
14 1530
1530 172
172 1003
1003 1692
1003 1621
1533 1701
1701 457
457 1320
1320 1659
1659 1138
1138 494
494 1634
1634 512
512 874
874 1543
874 831
1543 1894
1894 985
985 1494
1494 644
644 1533
129 1388
1388 1764
1764 1100
1100 1303
1303 1178
1178 1903
1903 1757
1757 473
473 1957
1957 1289
1289 1559
1289 1562
1559 129
1772 858
858 1562
1562 1266
1266 1926
1926 1314
1314 817
817 1504
1504 1901
1901 1047
1047 1208
1208 1571
1571 1772
1572 1959
1959 1572
1959 265
265 1959
265 1083
1083 265
1083 952
952 1083
952 413
413 952
413 257
257 413
257 1360
1360 257
1360 500
500 1360
500 212
212 500
212 1004
1004 212
1647 748
748 1617
1617 1586
1586 1820
1820 904
904 99
99 1619
1619 1663
1663 1795
1795 226
226 621
621 781
781 1822
1822 1647
156 1590
1590 156
1590 1599
1599 1590
1599 1600
1600 1599
1600 968
968 1600
968 892
892 968
892 1520
1520 892
1520 1604
1604 1520
1604 468
1604 835
468 1604
468 1606
468 640
1606 468
725 335
335 270
270 797
797 1615
1615 1116
1116 1964
1964 1068
1068 725
1182 422
422 1182
422 384
384 422
384 1618
1618 384
1618 1817
1817 1618
1817 1396
1396 1817
1396 1621
1621 1396
1621 1351
1351 1621
489 1042
1042 872
872 1095
1095 24
24 1086
1086 1147
1147 492
492 1708
1708 1669
1669 1715
1715 1057
1057 138
138 401
401 489
1381 1421
1421 1639
1639 1544
1544 20
20 1409
1409 1381
1839 243
243 1839
243 1546
1546 243
1546 1875
1875 1546
1875 1583
1875 1649
1583 1875
1583 1362
1362 1583
1362 1830
1830 1362
1830 1211
1211 1830
1637 965
965 1637
965 1653
1653 965
1653 1092
1092 1653
1092 950
950 1092
950 1656
1656 950
1656 787
787 1656
790 640
640 678
678 537
537 1588
1588 790
1591 1622
1622 1272
1622 1623
1272 1666
1666 758
758 1929
1929 1199
1199 1591
1970 767
767 1429
1429 1840
1840 616
616 1152
1152 1287
1152 389
1287 43
43 772
772 312
312 193
312 1864
193 1131
1131 1970
285 942
942 1668
1668 1685
1685 1844
1844 1946
1946 232
232 285
1689 1188
1188 150
150 293
293 1825
1825 1284
1284 1223
1223 1696
1696 759
759 1748
1748 1689
321 642
642 321
642 1649
1649 642
1649 1005
1005 1649
1005 508
508 1005
508 1102
1102 508
1102 456
456 1102
456 7
7 456
7 118
118 7
969 1709
1709 969
1709 1471
1471 1709
1471 303
303 1471
303 1774
1774 303
1774 922
922 1774
922 1801
1801 922
1801 851
851 1801
851 962
962 851
962 1151
1151 962
1151 635
635 1151
1043 504
504 1721
1721 78
78 1322
1322 1135
1135 1805
1805 1573
1573 1085
1085 248
248 882
882 1043
646 386
386 1506
1506 1435
1435 765
765 1087
1087 1736
1736 1442
1442 224
224 493
493 1633
1633 1982
1982 1489
1489 646
1760 1712
1712 619
619 1566
1566 733
733 1558
1558 1749
1558 684
1749 1750
1750 1760
1740 1752
1752 1740
1752 1319
1752 1446
1319 1752
1319 403
403 1319
403 561
561 403
561 1412
1412 561
1412 1804
1804 1412
1804 534
534 1804
534 1531
1531 534
1531 1620
1620 1531
1620 843
843 1620
843 988
988 843
988 1763
1763 988
1763 1686
1686 1763
1661 1766
1766 1767
1767 598
598 1769
1769 396
396 1363
1363 1661
1936 1217
1217 1636
1636 581
581 1776
1776 1330
1330 1778
1778 1507
1507 1936
1630 658
658 1630
658 227
227 658
227 167
167 227
167 1828
1828 167
1828 1785
1785 1828
1785 1786
1786 1785
1786 637
637 1786
1456 1789
1789 1790
1790 1192
1192 242
242 1793
1793 1125
1125 789
789 1635
1635 1456
1021 1798
1798 1021
1798 711
711 1798
711 326
326 711
326 970
970 326
970 364
364 970
364 1180
1180 364
1180 774
774 1180
774 1597
1597 774
1597 1534
1534 1597
740 1402
1402 1391
1391 399
399 656
656 1141
1141 307
307 313
307 1902
313 578
578 1816
1816 987
987 1818
1818 740
1819 780
780 1819
780 857
857 780
857 888
888 857
888 1954
1954 888
1954 755
755 1954
755 636
636 755
636 516
516 636
516 1465
1465 516
1465 1784
1784 1465
1784 1761
1761 1784
1761 1783
1783 1761
1212 1321
1321 1212
1321 1738
1738 1321
1738 1195
1195 1738
1195 1143
1143 1195
1143 488
488 1143
488 1024
1024 488
1024 361
361 1024
361 1158
1158 361
1158 132
132 1158
132 1841
1841 132
1842 1624
1624 92
92 1924
1924 923
923 1183
1183 810
810 1849
1849 1242
1242 1842
1834 10
10 1834
10 1479
1479 10
1479 1325
1325 1479
1325 1855
1855 1325
1855 1985
1985 1855
1985 629
1985 1096
629 1985
629 388
388 629
590 1145
1145 590
1145 1623
1623 1145
1623 682
682 1623
682 1366
1366 682
1366 1864
1864 1366
1864 125
125 1864
125 1013
1013 125
1013 1259
1259 1013
1259 1706
1706 1259
1869 1281
1281 1869
1281 1164
1164 1281
1164 1707
1707 1164
1707 216
216 1707
216 1595
1595 216
1595 1806
1806 1595
1806 332
332 1806
332 1886
1886 332
1886 690
690 1886
690 1311
1311 690
1311 1449
1449 1311
1449 1446
1446 1449
1446 1882
1882 1446
1922 134
134 1922
134 165
165 134
165 1040
1040 165
1040 1007
1007 1040
1007 981
981 1007
981 1257
1257 981
1257 481
481 1257
481 1501
1501 481
1501 378
378 1501
378 402
402 378
402 1081
1081 402
1359 1650
1650 986
986 849
849 1122
1122 1162
1162 643
643 1902
1902 1462
1462 835
835 1359
469 1911
1911 601
601 1927
1927 684
684 1310
1310 1884
1884 708
1884 1961
708 567
567 109
109 1719
1719 1916
1916 469
199 815
815 511
511 139
139 483
483 1114
1114 732
732 34
34 1977
1977 1859
1859 199
831 752
752 831
752 834
834 752
834 1508
1508 834
1508 1931
1931 1508
1931 453
453 1931
453 1984
1984 453
1984 1096
1096 1984
1096 1109
1109 1096
1109 1980
1980 1109
1980 714
714 1980
714 1938
1938 714
1938 1238
1238 1938
1104 1370
1104 254
1370 1111
1111 569
569 389
389 960
960 1665
1665 1150
1150 88
88 1920
1920 1067
1067 1248
1248 460
460 1477
1477 1104
1919 1422
1422 1956
1956 1467
1467 86
86 1014
1014 1521
1521 1961
1961 1154
1154 254
254 1919
1813 260
260 1987
1987 1625
1625 1220
1220 1969
1969 1670
1670 503
503 634
634 1813
666 1974
1974 1975
1975 1976
1976 71
71 1978
1978 583
583 1243
1243 4
4 875
875 666
1613 1080
1080 913
913 902
902 1723
1723 1988
1988 1268
1268 653
653 1382
1382 110
110 1993
1993 1168
1168 1613
502 1996
1996 1025
1025 1998
1998 268
268 2000
2000 502
